678 514
211 80
373 99
153 279
308 324
119 447
307 450 
288 516
253 582
98 583
341 600
223 366
302 200
332 221
447 187
400 258
491 227
622 165
624 52
421 680
578 477
494 450
495 583
582 626
692 624
420 510
127 168
70 411
53 482
38 550
34 607
214 129
228 167
181 410
164 483
160 547
222 551
223 619
224 635
256 170
253 409
255 481
254 549
358 167
359 208
357 407
352 483
353 530
416 315
416 410
419 527
421 628
418 652
531 166
531 207
532 311
622 92
541 409
543 529
545 587
543 625
615 431
613 519
614 584
743 452
741 584
740 664
728 199
208 281
254 325
623 205
431 450
429 592
255 204
543 477
172 447
254 450
99 552
188 367
447 205

