26 31
26 27
27 28
28 29
29 30
31 32
26 32
32 33
27 33
33 34
28 34
34 35
29 35
30 38
35 36
36 42
32 39
33 40
39 40
39 73
40 73
34 41
40 41
41 42
36 37
37 38
39 43
40 45
41 46
42 47
38 52
43 44
44 45
45 46
46 47
43 53
44 54
45 49
46 50
47 50
53 56
53 54
54 55
48 49
49 50
50 51
51 52
56 67
54 67
49 57
50 58
57 58
52 66
57 67
57 61
61 64
57 58
58 59
59 60
59 63
61 62
62 63
64 65
65 66
63 65
48 55
32 68
33 68
39 69
40 69
54 70
67 70
49 71
50 71
50 72
51 72
57 74
58 74
34 75
33 75
40 76
41 76
28 77
35 77
33 78
32 78
44 79
54 79
78 68
0 62
1 31
2 43
3 68
4 69
5 75
6 76
7 47
8 42
9 77
10 50
11 78
12 73
13 44
14 79
15 48
16 54
17 70
17 56
18 56
19 52
20 74
21 71
22 72
23 63
24 63
25 50

